                   1                   0                   0                   1
                   2                   0                   0                   2
                   3                   0                   0                   3
                   4                   0                   0                   4
                   5                   0                   0                   5
                   6                   0                   0                   6
                   7                   0                   0                   7
                   8                   0                   0                   8
                   9                   0                   0                   9
                  10                   0                   0                  10
                  11                   0                   0                  11
                  12                   0                   0                  12
                  13                   0                   0                  13
                  14                   0                   0                  14
                  15                   0                   0                  15
                  16                   0                   0                  16
                  17                   0                   0                  17
                  18                   0                   0                  18
                  19                   0                   0                  19
                  20                   0                   0                  20
                  21                   0                   0                  21
                  22                   0                   0                  22
                  23                   0                   0                  23
                  24                   0                   0                  24
                  25                   0                   0                  25
                  26                   0                   0                  26
                  27                   0                   0                  27
                  28                   0                   0                  28
                  29                   0                   0                  29
                  30                   0                   0                  30
                  31                   0                   0                  31
                  32                   0                   0                  32
                  33                   0                   0                  33
                  34                   0                   0                  34
                  35                   0                   0                  35
                  36                   0                   0                  36
                  37                   0                   0                  37
                  38                   0                   0                  38
                  39                   0                   0                  39
                  40                   0                   0                  40
                  41                   0                   0                  41
                  42                   0                   0                  42
                  43                   0                   0                  43
                  44                   0                   0                  44
                  45                   0                   0                  45
                  46                   0                   0                  46
                  47                   0                   0                  47
                  48                   0                   0                  48
                  49                   0                   0                  49
                  50                   0                   0                  50
                  51                   0                   0                  51
                  52                   0                   0                  52
                  53                   0                   0                  53
                  54                   0                   0                  54
                  55                   0                   0                  55
                  56                   0                   0                  56
                  57                   0                   0                  57
                  58                   0                   0                  58
                  59                   0                   0                  59
                  60                   0                   0                  60
                  61                   0                   0                  61
                  62                   0                   0                  62
                  63                   0                   0                  63
                  64                   0                   0                  64
                  65                   0                   0                  65
                  66                   0                   0                  66
                  67                   0                   0                  67
                  68                   0                   0                  68
                  69                   0                   0                  69
                  70                   0                   0                  70
                  71                   0                   0                  71
                  72                   0                   0                  72
                  73                   0                   0                  73
                  74                   0                   0                  74
                  75                   0                   0                  75
                  76                   0                   0                  76
                  77                   0                   0                  77
                  78                   0                   0                  78
                  79                   0                   0                  79
                  80                   0                   0                  80
                  81                   0                   0                  81
                  82                   0                   0                  82
                  83                   0                   0                  83
                  84                   0                   0                  84
                  85                   0                   0                  85
                  86                   0                   0                  86
                  87                   0                   0                  87
                  88                   0                   0                  88
                  89                   0                   0                  89
                  90                   0                   0                  90
                  91                   0                   0                  91
                  92                   0                   0                  92
                  93                   0                   0                  93
                  94                   0                   0                  94
                  95                   0                   0                  95
                  96                   0                   0                  96
                  97                   0                   0                  97
                  98                   0                   0                  98
                  99                   0                   0                  99
                 100                   0                   0                 100
                 114                   7                   1                 114
                 154                  99                   1                 154
                 118                   7                   3                 118
                 180                  50                   3                 180
                 176                  50                   4                 176
                 193                  15                   4                 193
                 101                   7                  83                 101
                 102                   7                  60                 102
                 103                   7                  57                 103
                 104                   7                  35                 104
                 105                   7                  60                 105
                 106                   7                  70                 106
                 107                   7                  26                 107
                 108                   7                  37                 108
                 109                   7                  88                 109
                 110                   7                  83                 110
                 111                   7                  62                 111
                 112                   7                  85                 112
                 113                   7                  52                 113
                 115                   7                  23                 115
                 116                   7                  48                 116
                 117                   7                  33                 117
                 119                   7                  67                 119
                 120                   7                  27                 120
                 140                  63                   9                 140
                 150                  99                   9                 150
                 135                  63                  10                 135
                 146                  99                  10                 146
                 137                  63                  11                 137
                 188                  15                  11                 188
                 185                  15                  14                 185
                 194                  15                  14                 194
                 181                  15                  22                 181
                 182                  15                  49                 182
                 183                  15                  23                 183
                 184                  15                  37                 184
                 186                  15                 100                 186
                 187                  15                  25                 187
                 189                  15                  54                 189
                 190                  15                  62                 190
                 191                  15                  64                 191
                 192                  15                  89                 192
                 195                  15                  18                 195
                 196                  15                  17                 196
                 197                  15                  85                 197
                 198                  15                  24                 198
                 199                  15                  21                 199
                 200                  15                  33                 200
                 163                  50                  16                 163
                 174                  50                  16                 174
                 147                  99                  17                 147
                 134                  63                  18                 134
                 143                  99                  19                 143
                 157                  99                  19                 157
                 126                  63                  21                 126
                 141                  99                  22                 141
                 131                  63                  24                 131
                 173                  50                  25                 173
                 149                  99                  26                 149
                 128                  63                  27                 128
                 169                  50                  29                 169
                 179                  50                  29                 179
                 162                  50                  35                 162
                 130                  63                  36                 130
                 160                  99                  36                 160
                 136                  63                  39                 136
                 159                  99                  39                 159
                 172                  50                  40                 172
                 177                  50                  40                 177
                 124                  63                  41                 124
                 161                  50                  41                 161
                 123                  63                  46                 123
                 144                  99                  46                 144
                 153                  99                  47                 153
                 155                  99                  47                 155
                 127                  63                  48                 127
                 132                  63                  49                 132
                 164                  50                  98                 164
                 165                  50                  65                 165
                 166                  50                  91                 166
                 167                  50                  91                 167
                 168                  50                  74                 168
                 170                  50                  54                 170
                 171                  50                  64                 171
                 175                  50                  67                 175
                 178                  50                  74                 178
                 158                  99                  52                 158
                 156                  99                  57                 156
                 121                  63                 100                 121
                 122                  63                  88                 122
                 125                  63                  69                 125
                 129                  63                  95                 129
                 133                  63                  69                 133
                 138                  63                  95                 138
                 139                  63                  92                 139
                 148                  99                  65                 148
                 151                  99                  70                 151
                 152                  99                  89                 152
                 145                  99                  92                 145
                 142                  99                  98                 142
                 229                 171                 154                 229
                 252                 167                 154                 252
                 293                 163                 180                 293
                 296                 163                 180                 296
                 223                 171                 176                 223
                 294                 163                 176                 294
                 218                 162                 193                 218
                 240                 171                 193                 240
                 262                 127                 105                 262
                 299                 163                 105                 299
                 217                 162                 110                 217
                 265                 127                 110                 265
                 233                 171                 112                 233
                 287                 163                 112                 287
                 220                 162                 113                 220
                 277                 127                 113                 277
                 202                 162                 115                 202
                 209                 162                 115                 209
                 259                 167                 119                 259
                 289                 163                 119                 289
                 241                 167                 120                 241
                 280                 127                 120                 280
                 208                 162                 150                 208
                 222                 171                 150                 222
                 271                 127                 135                 271
                 281                 163                 135                 281
                 269                 127                 137                 269
                 288                 163                 137                 288
                 283                 163                 188                 283
                 285                 163                 188                 285
                 244                 167                 181                 244
                 253                 167                 181                 253
                 249                 167                 183                 249
                 251                 167                 183                 251
                 237                 171                 186                 237
                 292                 163                 186                 292
                 210                 162                 189                 210
                 246                 167                 189                 246
                 205                 162                 195                 205
                 215                 162                 195                 215
                 225                 171                 198                 225
                 245                 167                 198                 245
                 231                 171                 199                 231
                 286                 163                 199                 286
                 212                 162                 200                 212
                 257                 167                 200                 257
                 282                 163                 159                 282
                 284                 163                 126                 284
                 290                 163                 129                 290
                 291                 163                 156                 291
                 295                 163                 160                 295
                 297                 163                 129                 297
                 298                 163                 124                 298
                 300                 163                 143                 300
                 230                 171                 174                 230
                 267                 127                 174                 267
                 221                 171                 143                 221
                 255                 167                 157                 255
                 272                 127                 157                 272
                 248                 167                 126                 248
                 213                 162                 179                 213
                 238                 171                 179                 238
                 201                 162                 152                 201
                 203                 162                 121                 203
                 204                 162                 168                 204
                 206                 162                 133                 206
                 207                 162                 125                 207
                 211                 162                 151                 211
                 214                 162                 159                 214
                 216                 162                 133                 216
                 219                 162                 158                 219
                 228                 171                 130                 228
                 254                 167                 130                 254
                 258                 167                 160                 258
                 234                 171                 136                 234
                 275                 127                 136                 275
                 235                 171                 177                 235
                 278                 127                 177                 278
                 260                 167                 124                 260
                 232                 171                 161                 232
                 256                 167                 161                 256
                 224                 171                 144                 224
                 243                 167                 144                 243
                 236                 171                 153                 236
                 264                 127                 153                 264
                 261                 127                 138                 261
                 263                 127                 139                 263
                 266                 127                 148                 266
                 268                 127                 156                 268
                 270                 127                 125                 270
                 273                 127                 139                 273
                 274                 127                 158                 274
                 276                 127                 175                 276
                 279                 127                 175                 279
                 242                 167                 151                 242
                 247                 167                 121                 247
                 250                 167                 168                 250
                 226                 171                 148                 226
                 227                 171                 152                 227
                 239                 171                 138                 239
                 328                 275                 229                 328
                 350                 235                 229                 350
                 331                 275                 293                 331
                 332                 275                 293                 332
                 341                 235                 223                 341
                 342                 235                 223                 342
                 322                 275                 294                 322
                 373                 212                 294                 373
                 352                 235                 240                 352
                 370                 212                 240                 370
                 315                 288                 299                 315
                 337                 275                 299                 337
                 368                 212                 233                 368
                 396                 228                 233                 396
                 304                 288                 202                 304
                 306                 288                 202                 306
                 319                 288                 280                 319
                 321                 275                 280                 321
                 361                 212                 208                 361
                 372                 212                 208                 372
                 305                 288                 222                 305
                 378                 212                 222                 378
                 311                 288                 269                 311
                 371                 212                 269                 371
                 301                 288                 245                 301
                 302                 288                 278                 302
                 303                 288                 221                 303
                 307                 288                 214                 307
                 308                 288                 225                 308
                 309                 288                 214                 309
                 310                 288                 282                 310
                 312                 288                 211                 312
                 313                 288                 205                 313
                 314                 288                 207                 314
                 316                 288                 251                 316
                 317                 288                 245                 317
                 318                 288                 251                 318
                 320                 288                 232                 320
                 333                 275                 285                 333
                 355                 235                 285                 355
                 338                 275                 244                 338
                 367                 212                 244                 367
                 383                 228                 249                 383
                 388                 228                 249                 388
                 382                 228                 246                 382
                 400                 228                 246                 400
                 392                 228                 205                 392
                 353                 235                 215                 353
                 395                 228                 215                 395
                 399                 228                 225                 399
                 325                 275                 231                 325
                 348                 235                 231                 348
                 362                 212                 219                 362
                 363                 212                 263                 363
                 364                 212                 254                 364
                 365                 212                 236                 365
                 366                 212                 236                 366
                 369                 212                 258                 369
                 374                 212                 284                 374
                 375                 212                 230                 375
                 376                 212                 272                 376
                 377                 212                 219                 377
                 379                 212                 230                 379
                 380                 212                 276                 380
                 339                 275                 282                 339
                 387                 228                 284                 387
                 344                 235                 290                 344
                 354                 235                 290                 354
                 334                 275                 291                 334
                 346                 235                 291                 346
                 327                 275                 221                 327
                 356                 235                 255                 356
                 393                 228                 255                 393
                 358                 235                 272                 358
                 347                 235                 213                 347
                 389                 228                 213                 389
                 323                 275                 203                 323
                 357                 235                 203                 357
                 391                 228                 207                 391
                 345                 235                 211                 345
                 381                 228                 243                 381
                 384                 228                 224                 384
                 385                 228                 239                 385
                 386                 228                 261                 386
                 390                 228                 268                 390
                 394                 228                 232                 394
                 397                 228                 242                 397
                 398                 228                 263                 398
                 351                 235                 254                 351
                 326                 275                 258                 326
                 324                 275                 278                 324
                 329                 275                 239                 329
                 330                 275                 264                 330
                 335                 275                 261                 335
                 336                 275                 268                 336
                 340                 275                 224                 340
                 343                 235                 243                 343
                 349                 235                 264                 349
                 359                 235                 242                 359
                 360                 235                 276                 360
                 442                 302                 350                 442
                 482                 366                 350                 482
                 410                 310                 331                 410
                 475                 373                 331                 475
                 431                 392                 332                 431
                 434                 392                 332                 434
                 414                 310                 341                 414
                 423                 392                 341                 423
                 405                 310                 322                 405
                 463                 373                 322                 463
                 461                 373                 314                 461
                 462                 373                 301                 462
                 464                 373                 383                 464
                 465                 373                 358                 465
                 466                 373                 335                 466
                 467                 373                 307                 467
                 468                 373                 313                 468
                 469                 373                 340                 469
                 470                 373                 369                 470
                 471                 373                 361                 471
                 472                 373                 338                 472
                 473                 373                 376                 473
                 474                 373                 338                 474
                 476                 373                 371                 476
                 477                 373                 375                 477
                 478                 373                 349                 478
                 479                 373                 340                 479
                 480                 373                 372                 480
                 415                 310                 370                 415
                 457                 302                 370                 457
                 413                 310                 319                 413
                 447                 302                 319                 447
                 495                 366                 361                 495
                 453                 302                 372                 453
                 437                 392                 305                 437
                 452                 302                 305                 452
                 409                 310                 378                 409
                 428                 392                 378                 428
                 493                 366                 371                 493
                 424                 392                 301                 424
                 441                 302                 384                 441
                 443                 302                 316                 443
                 444                 302                 339                 444
                 445                 302                 308                 445
                 446                 302                 395                 446
                 448                 302                 316                 448
                 449                 302                 346                 449
                 450                 302                 377                 450
                 451                 302                 395                 451
                 454                 302                 346                 454
                 455                 302                 380                 455
                 456                 302                 397                 456
                 458                 302                 384                 458
                 459                 302                 360                 459
                 460                 302                 353                 460
                 417                 310                 307                 417
                 435                 392                 308                 435
                 401                 310                 391                 401
                 402                 310                 363                 402
                 403                 310                 379                 403
                 404                 310                 314                 404
                 406                 310                 376                 406
                 407                 310                 367                 407
                 408                 310                 358                 408
                 411                 310                 329                 411
                 412                 310                 385                 412
                 416                 310                 335                 416
                 418                 310                 344                 418
                 419                 310                 353                 419
                 420                 310                 355                 420
                 426                 392                 313                 426
                 433                 392                 355                 433
                 427                 392                 367                 427
                 425                 392                 383                 425
                 421                 392                 385                 421
                 422                 392                 336                 422
                 429                 392                 330                 429
                 430                 392                 386                 430
                 432                 392                 398                 432
                 436                 392                 351                 436
                 438                 392                 375                 438
                 439                 392                 330                 439
                 440                 392                 360                 440
                 489                 366                 363                 489
                 481                 366                 351                 481
                 483                 366                 398                 483
                 484                 366                 344                 484
                 485                 366                 386                 485
                 486                 366                 369                 486
                 487                 366                 380                 487
                 488                 366                 336                 488
                 490                 366                 329                 490
                 491                 366                 397                 491
                 492                 366                 345                 492
                 494                 366                 391                 494
                 496                 366                 377                 496
                 497                 366                 339                 497
                 498                 366                 349                 498
                 499                 366                 345                 499
                 500                 366                 379                 500
                 520                 415                 442                 520
                 578                 452                 442                 578
                 539                 413                 475                 539
                 569                 452                 475                 569
                 570                 452                 431                 570
                 580                 452                 431                 580
                 532                 413                 434                 532
                 571                 452                 434                 571
                 522                 413                 405                 522
                 534                 413                 405                 534
                 564                 452                 463                 564
                 581                 447                 463                 581
                 546                 420                 465                 546
                 555                 420                 465                 555
                 514                 415                 469                 514
                 561                 452                 469                 561
                 524                 413                 470                 524
                 531                 413                 470                 531
                 519                 415                 471                 519
                 541                 420                 471                 541
                 509                 415                 478                 509
                 544                 420                 478                 544
                 523                 413                 479                 523
                 543                 420                 479                 543
                 563                 452                 480                 563
                 599                 447                 480                 599
                 501                 415                 445                 501
                 502                 415                 406                 502
                 503                 415                 402                 503
                 504                 415                 419                 504
                 505                 415                 499                 505
                 506                 415                 426                 506
                 507                 415                 486                 507
                 508                 415                 484                 508
                 510                 415                 494                 510
                 511                 415                 495                 511
                 512                 415                 446                 512
                 513                 415                 456                 513
                 515                 415                 440                 515
                 516                 415                 441                 516
                 517                 415                 494                 517
                 518                 415                 433                 518
                 521                 413                 484                 521
                 525                 413                 454                 525
                 526                 413                 454                 526
                 527                 413                 440                 527
                 528                 413                 401                 528
                 529                 413                 425                 529
                 530                 413                 428                 530
                 533                 413                 428                 533
                 535                 413                 412                 535
                 536                 413                 412                 536
                 537                 413                 489                 537
                 538                 413                 448                 538
                 540                 413                 448                 540
                 582                 447                 489                 582
                 583                 447                 499                 583
                 584                 447                 426                 584
                 585                 447                 498                 585
                 586                 447                 451                 586
                 587                 447                 441                 587
                 588                 447                 408                 588
                 589                 447                 439                 589
                 590                 447                 446                 590
                 591                 447                 451                 591
                 592                 447                 456                 592
                 593                 447                 407                 593
                 594                 447                 459                 594
                 595                 447                 404                 595
                 596                 447                 443                 596
                 597                 447                 408                 597
                 598                 447                 404                 598
                 600                 447                 418                 600
                 547                 420                 495                 547
                 562                 452                 416                 562
                 565                 452                 483                 565
                 566                 452                 490                 566
                 567                 452                 425                 567
                 568                 452                 430                 568
                 572                 452                 430                 572
                 573                 452                 445                 573
                 574                 452                 433                 574
                 575                 452                 416                 575
                 576                 452                 407                 576
                 577                 452                 406                 577
                 579                 452                 417                 579
                 557                 420                 443                 557
                 550                 420                 444                 550
                 553                 420                 444                 553
                 552                 420                 459                 552
                 549                 420                 417                 549
                 554                 420                 401                 554
                 548                 420                 402                 548
                 551                 420                 418                 551
                 558                 420                 419                 558
                 542                 420                 498                 542
                 545                 420                 486                 545
                 556                 420                 483                 556
                 559                 420                 490                 559
                 560                 420                 439                 560
                 621                 503                 520                 621
                 698                 523                 520                 698
                 625                 503                 578                 625
                 664                 509                 578                 664
                 645                 577                 539                 645
                 691                 523                 539                 691
                 619                 502                 580                 619
                 632                 503                 580                 632
                 615                 502                 571                 615
                 624                 503                 571                 624
                 603                 502                 561                 603
                 681                 523                 561                 681
                 652                 577                 519                 652
                 653                 577                 519                 653
                 661                 509                 553                 661
                 662                 509                 527                 662
                 663                 509                 529                 663
                 665                 509                 556                 665
                 666                 509                 512                 666
                 667                 509                 568                 667
                 668                 509                 529                 668
                 669                 509                 543                 669
                 670                 509                 504                 670
                 671                 509                 591                 671
                 672                 509                 542                 672
                 673                 509                 528                 673
                 674                 509                 545                 674
                 675                 509                 535                 675
                 676                 509                 589                 676
                 677                 509                 536                 677
                 678                 509                 595                 678
                 679                 509                 587                 679
                 680                 509                 542                 680
                 604                 502                 544                 604
                 694                 523                 544                 694
                 682                 523                 508                 682
                 683                 523                 537                 683
                 684                 523                 504                 684
                 685                 523                 595                 685
                 686                 523                 592                 686
                 687                 523                 598                 687
                 688                 523                 579                 688
                 689                 523                 558                 689
                 690                 523                 540                 690
                 692                 523                 515                 692
                 693                 523                 549                 693
                 695                 523                 506                 695
                 696                 523                 501                 696
                 697                 523                 515                 697
                 699                 523                 596                 699
                 700                 523                 525                 700
                 622                 503                 543                 622
                 607                 502                 501                 607
                 601                 502                 557                 601
                 602                 502                 568                 602
                 605                 502                 590                 605
                 606                 502                 516                 606
                 608                 502                 549                 608
                 609                 502                 588                 609
                 610                 502                 537                 610
                 611                 502                 552                 611
                 612                 502                 536                 612
                 613                 502                 535                 613
                 614                 502                 550                 614
                 616                 502                 506                 616
                 617                 502                 562                 617
                 618                 502                 540                 618
                 620                 502                 592                 620
                 623                 503                 557                 623
                 626                 503                 552                 626
                 627                 503                 585                 627
                 628                 503                 573                 628
                 629                 503                 587                 629
                 630                 503                 528                 630
                 631                 503                 512                 631
                 633                 503                 566                 633
                 634                 503                 527                 634
                 635                 503                 518                 635
                 636                 503                 579                 636
                 637                 503                 582                 637
                 638                 503                 553                 638
                 639                 503                 516                 639
                 640                 503                 518                 640
                 659                 577                 508                 659
                 650                 577                 525                 650
                 658                 577                 582                 658
                 646                 577                 585                 646
                 660                 577                 588                 660
                 644                 577                 589                 644
                 648                 577                 590                 648
                 647                 577                 591                 647
                 643                 577                 596                 643
                 654                 577                 598                 654
                 656                 577                 562                 656
                 655                 577                 566                 655
                 657                 577                 573                 657
                 641                 577                 545                 641
                 642                 577                 556                 642
                 649                 577                 550                 649
                 651                 577                 558                 651
                 728                 610                 621                 728
                 778                 602                 621                 778
                 781                 698                 611                 781
                 782                 698                 690                 782
                 783                 698                 662                 783
                 784                 698                 682                 784
                 785                 698                 639                 785
                 786                 698                 624                 786
                 787                 698                 680                 787
                 788                 698                 693                 788
                 789                 698                 683                 789
                 790                 698                 673                 790
                 791                 698                 695                 791
                 792                 698                 661                 792
                 793                 698                 671                 793
                 794                 698                 624                 794
                 795                 698                 664                 795
                 796                 698                 656                 796
                 797                 698                 662                 797
                 798                 698                 699                 798
                 799                 698                 680                 799
                 800                 698                 685                 800
                 738                 610                 625                 738
                 758                 607                 625                 758
                 715                 622                 664                 715
                 771                 602                 645                 771
                 776                 602                 645                 776
                 759                 607                 691                 759
                 775                 602                 691                 775
                 734                 610                 619                 734
                 755                 607                 619                 755
                 763                 602                 632                 763
                 764                 602                 632                 764
                 704                 622                 681                 704
                 705                 622                 681                 705
                 708                 622                 661                 708
                 721                 610                 665                 721
                 757                 607                 665                 757
                 725                 610                 666                 725
                 754                 607                 666                 754
                 732                 610                 670                 732
                 745                 607                 670                 745
                 717                 622                 671                 717
                 747                 607                 673                 747
                 718                 622                 675                 718
                 760                 607                 675                 760
                 748                 607                 682                 748
                 701                 622                 683                 701
                 713                 622                 684                 713
                 740                 610                 684                 740
                 777                 602                 685                 777
                 743                 607                 690                 743
                 766                 602                 693                 766
                 723                 610                 695                 723
                 712                 622                 696                 712
                 767                 602                 696                 767
                 724                 610                 699                 724
                 702                 622                 643                 702
                 703                 622                 637                 703
                 706                 622                 651                 706
                 707                 622                 631                 707
                 709                 622                 628                 709
                 710                 622                 636                 710
                 711                 622                 643                 711
                 714                 622                 618                 714
                 716                 622                 628                 716
                 719                 622                 638                 719
                 720                 622                 642                 720
                 741                 607                 616                 741
                 742                 607                 638                 742
                 744                 607                 620                 744
                 746                 607                 617                 746
                 749                 607                 629                 749
                 750                 607                 617                 750
                 751                 607                 657                 751
                 752                 607                 647                 752
                 753                 607                 647                 753
                 756                 607                 637                 756
                 761                 602                 630                 761
                 762                 602                 605                 762
                 765                 602                 612                 765
                 768                 602                 634                 768
                 769                 602                 630                 769
                 770                 602                 629                 770
                 772                 602                 640                 772
                 773                 602                 640                 773
                 774                 602                 631                 774
                 779                 602                 612                 779
                 780                 602                 651                 780
                 730                 610                 605                 730
                 722                 610                 618                 722
                 726                 610                 616                 726
                 727                 610                 639                 727
                 729                 610                 620                 729
                 731                 610                 657                 731
                 733                 610                 611                 733
                 735                 610                 634                 735
                 736                 610                 642                 736
                 737                 610                 656                 737
                 739                 610                 636                 739
                 818                 716                 778                 818
                 896                 704                 778                 896
                 812                 716                 781                 812
                 815                 716                 781                 815
                 887                 704                 782                 887
                 888                 704                 782                 888
                 885                 704                 783                 885
                 886                 704                 783                 886
                 820                 716                 786                 820
                 840                 734                 786                 840
                 846                 739                 787                 846
                 878                 730                 787                 878
                 838                 734                 789                 838
                 839                 734                 789                 839
                 828                 734                 794                 828
                 876                 730                 794                 876
                 868                 730                 795                 868
                 881                 704                 795                 881
                 824                 734                 799                 824
                 829                 734                 799                 829
                 831                 734                 800                 831
                 854                 739                 800                 854
                 827                 734                 738                 827
                 841                 739                 738                 841
                 870                 730                 715                 870
                 884                 704                 715                 884
                 866                 730                 771                 866
                 880                 730                 771                 880
                 832                 734                 776                 832
                 863                 730                 776                 863
                 821                 734                 774                 821
                 822                 734                 766                 822
                 823                 734                 731                 823
                 825                 734                 713                 825
                 826                 734                 709                 826
                 830                 734                 770                 830
                 833                 734                 706                 833
                 834                 734                 737                 834
                 835                 734                 752                 835
                 836                 734                 702                 836
                 837                 734                 769                 837
                 864                 730                 763                 864
                 867                 730                 763                 867
                 882                 704                 723                 882
                 883                 704                 747                 883
                 889                 704                 729                 889
                 890                 704                 760                 890
                 891                 704                 724                 891
                 892                 704                 726                 892
                 893                 704                 709                 893
                 894                 704                 745                 894
                 895                 704                 753                 895
                 897                 704                 732                 897
                 898                 704                 729                 898
                 899                 704                 746                 899
                 900                 704                 769                 900
                 807                 716                 721                 807
                 859                 739                 721                 859
                 853                 739                 732                 853
                 842                 739                 745                 842
                 806                 716                 747                 806
                 811                 716                 760                 811
                 803                 716                 713                 803
                 804                 716                 777                 804
                 810                 716                 777                 810
                 847                 739                 766                 847
                 860                 739                 723                 860
                 877                 730                 724                 877
                 809                 716                 702                 809
                 872                 730                 706                 872
                 802                 716                 710                 802
                 852                 739                 710                 852
                 801                 716                 726                 801
                 805                 716                 772                 805
                 808                 716                 774                 808
                 813                 716                 772                 813
                 814                 716                 750                 814
                 816                 716                 770                 816
                 817                 716                 733                 817
                 819                 716                 749                 819
                 861                 730                 741                 861
                 875                 730                 741                 875
                 862                 730                 742                 862
                 874                 730                 742                 874
                 850                 739                 746                 850
                 879                 730                 749                 879
                 871                 730                 750                 871
                 851                 739                 751                 851
                 869                 730                 751                 869
                 843                 739                 752                 843
                 873                 730                 753                 873
                 844                 739                 761                 844
                 865                 730                 761                 865
                 848                 739                 727                 848
                 849                 739                 727                 849
                 855                 739                 731                 855
                 857                 739                 733                 857
                 845                 739                 736                 845
                 858                 739                 736                 858
                 856                 739                 737                 856
                 977                 853                 896                 977
                 989                 809                 896                 989
                 978                 853                 812                 978
                 998                 809                 812                 998
                 902                 881                 815                 902
                 985                 809                 815                 985
                 922                 801                 820                 922
                 974                 853                 820                 974
                 986                 809                 840                 986
                 996                 809                 840                 996
                 920                 881                 846                 920
                 971                 853                 846                 971
                 904                 881                 839                 904
                 965                 853                 839                 965
                 947                 810                 828                 947
                 981                 809                 828                 981
                 919                 881                 876                 919
                 995                 809                 876                 995
                 901                 881                 806                 901
                 903                 881                 898                 903
                 905                 881                 861                 905
                 906                 881                 849                 906
                 907                 881                 900                 907
                 908                 881                 814                 908
                 909                 881                 863                 909
                 910                 881                 851                 910
                 911                 881                 822                 911
                 912                 881                 832                 912
                 913                 881                 816                 913
                 914                 881                 816                 914
                 915                 881                 873                 915
                 916                 881                 882                 916
                 917                 881                 833                 917
                 918                 881                 841                 918
                 935                 801                 824                 935
                 991                 809                 824                 991
                 943                 810                 854                 943
                 973                 853                 854                 973
                 936                 801                 841                 936
                 921                 801                 870                 921
                 970                 853                 870                 970
                 937                 801                 884                 937
                 955                 810                 884                 955
                 927                 801                 880                 927
                 987                 809                 880                 987
                 931                 801                 832                 931
                 983                 809                 863                 983
                 932                 801                 821                 932
                 958                 810                 821                 958
                 933                 801                 822                 933
                 993                 809                 825                 993
                1000                 809                 825                1000
                 924                 801                 833                 924
                 950                 810                 864                 950
                 961                 853                 864                 961
                 941                 810                 867                 941
                 975                 853                 867                 975
                 939                 801                 882                 939
                 982                 809                 883                 982
                 988                 809                 883                 988
                 938                 801                 890                 938
                 966                 853                 890                 966
                 929                 801                 894                 929
                 952                 810                 894                 952
                 951                 810                 895                 951
                 984                 809                 895                 984
                 964                 853                 898                 964
                 923                 801                 899                 923
                 999                 809                 899                 999
                 979                 853                 900                 979
                 960                 810                 859                 960
                 963                 853                 859                 963
                 962                 853                 877                 962
                 967                 853                 802                 967
                 968                 853                 808                 968
                 969                 853                 874                 969
                 972                 853                 802                 972
                 976                 853                 871                 976
                 980                 853                 848                 980
                 928                 801                 806                 928
                 942                 810                 872                 942
                 944                 810                 856                 944
                 945                 810                 857                 945
                 946                 810                 872                 946
                 948                 810                 871                 948
                 949                 810                 817                 949
                 953                 810                 848                 953
                 954                 810                 808                 954
                 956                 810                 856                 956
                 957                 810                 877                 957
                 959                 810                 851                 959
                 990                 809                 814                 990
                 992                 809                 873                 992
                 994                 809                 817                 994
                 997                 809                 849                 997
                 925                 801                 861                 925
                 926                 801                 874                 926
                 930                 801                 845                 930
                 934                 801                 857                 934
                 940                 801                 845                 940
                1061                 972                 989                1061
                1072                 972                 989                1072
                1008                 956                 978                1008
                1039                 947                 978                1039
                1041                 939                 998                1041
                1065                 972                 998                1065
                1006                 956                 902                1006
                1097                 994                 902                1097
                1052                 939                 985                1052
                1087                 994                 985                1087
                1028                 947                 922                1028
                1067                 972                 922                1067
                1036                 947                 974                1036
                1038                 947                 974                1038
                1091                 994                 986                1091
                1100                 994                 986                1100
                1004                 956                 996                1004
                1013                 956                 996                1013
                1003                 956                 920                1003
                1059                 939                 920                1059
                1010                 956                 971                1010
                1062                 972                 971                1062
                1034                 947                 904                1034
                1051                 939                 904                1051
                1021                 947                 952                1021
                1022                 947                 934                1022
                1023                 947                 932                1023
                1024                 947                 921                1024
                1025                 947                 911                1025
                1026                 947                 931                1026
                1027                 947                 935                1027
                1029                 947                 970                1029
                1030                 947                 908                1030
                1031                 947                 910                1031
                1032                 947                 919                1032
                1033                 947                 995                1033
                1035                 947                 981                1035
                1037                 947                 909                1037
                1040                 947                 945                1040
                1020                 956                 981                1020
                1047                 939                 919                1047
                1048                 939                 995                1048
                1001                 956                 907                1001
                1086                 994                 907                1086
                1058                 939                 908                1058
                1095                 994                 909                1095
                1068                 972                 910                1068
                1070                 972                 911                1070
                1014                 956                 912                1014
                1094                 994                 912                1094
                1054                 939                 913                1054
                1063                 972                 913                1063
                1005                 956                 915                1005
                1093                 994                 915                1093
                1092                 994                 935                1092
                1017                 956                 973                1017
                1060                 939                 973                1060
                1046                 939                 921                1046
                1045                 939                 970                1045
                1043                 939                 937                1043
                1057                 939                 937                1057
                1011                 956                 927                1011
                1078                 972                 927                1078
                1055                 939                 931                1055
                1077                 972                 932                1077
                1007                 956                 958                1007
                1015                 956                 958                1015
                1073                 972                 933                1073
                1084                 994                 933                1084
                1050                 939                 993                1050
                1079                 972                 993                1079
                1056                 939                1000                1056
                1071                 972                1000                1071
                1066                 972                 950                1066
                1089                 994                 950                1089
                1016                 956                 941                1016
                1096                 994                 941                1096
                1088                 994                 975                1088
                1099                 994                 975                1099
                1042                 939                 964                1042
                1044                 939                 984                1044
                1049                 939                 928                1049
                1053                 939                 984                1053
                1009                 956                 982                1009
                1075                 972                 982                1075
                1083                 994                 988                1083
                1098                 994                 988                1098
                1080                 972                 952                1080
                1012                 956                 951                1012
                1074                 972                 951                1074
                1082                 994                 964                1082
                1064                 972                 928                1064
                1069                 972                 926                1069
                1076                 972                 959                1076
                1019                 956                 945                1019
                1002                 956                 957                1002
                1018                 956                 926                1018
                1085                 994                 957                1085
                1081                 994                 959                1081
                1090                 994                 934                1090
