 3278248892604       3248218412102       3248218422103       
 3278248892604       3248218412102       3248218422103       
 3404274302201       3374229602257       3374238402226       
 3278248892604       3248218412102       3248218422103       
 3404268812438       3368226342443       3368238402202       
 3404268832440       3368226392451       3368238402205       
 3404274302201       3374229602257       3374238402226       
 3278248892604       3248218412102       3248218422103       
 3401265642109       3365226392445       3365232702212       
 3401265662526       3365232702204       3365229602539       
 3401271102511       3371229612858       3371229602241       
 3404262402162       3362217632547       3362226392132       
 3404268812438       3368226342443       3368238402202       
 3404268832440       3368226392451       3368238402205       
 3404274302201       3374229602257       3374238402226       
 3278248892604       3248218412102       3248218422103       
 3281248892318       3248218412102       3248215212411       
 3281248862111       3248215282113       0                   
 3281248852312       3248215222913       0                   
 3281248852110       3248215222913       3248215302408       
 3281248812106       3248212772740       3248215302812       
 3281248812105       3248212772740       3248215302812       
 3401262402557       3362217632547       3362229602106       
 3401265612632       3365223102555       3365229522030       
 3401265642109       3365226392445       3365232702212       
 3401265662526       3365232702204       3365229602539       
 3401271102511       3371229612858       3371229602241       
 3404262402162       3362217632547       3362226392132       
 3404268812438       3368226342443       3368238402202       
 3404268832440       3368226392451       3368238402205       
 3404274302201       3374229602257       3374238402226       
 3278248892604       3248218412102       3248218422103       
 3287248862740       3248215282113       3248209532934       
 3287248862739       3248215282113       3248209532934       
 3287248862136       3248215282113       0                   
 3395244422231       3344205502010       3344205542232       
 3395256772447       3356223102804       3356223132410       
 3395259272135       3359226392218       3359217632340       
 3395262432125       3362226352322       3362232772407       
 3284254412204       3254224872604       0                   
 3284254412202       3254224872604       0                   
 3284248862718       3248215282113       3248209532934       
 3284248852128       3248215222913       3248215302408       
 3284248852126       3248215222913       3248215302408       
 3284248852123       3248215222913       3248215302408       
 3398259252145       3359226312709       3359217632343       
 3398262402534       3362217632547       0                   
 3398265632110       3365226352329       3365232702214       
 3281227012234       0                   0                   
 3281248862111       3248215282113       0                   
 3281248852312       3248215222913       0                   
 3281248852110       3248215222913       3248215302408       
 3281227012730       0                   0                   
 3281248812105       3248212772740       3248215302812       
 3401262402557       3362217632547       3362229602106       
 3401265612632       3365223102555       3365229522030       
 3401265642109       3365226392445       3365232702212       
 3401265662526       3365232702204       3365229602539       
 3401271102511       3371229612858       3371229602241       
 3404262402162       3362217632547       3362226392132       
 3404268812438       3368226342443       3368238402202       
 3404268832440       3368226392451       3368238402205       
 3404274302201       3374229602257       3374238402226       
 3278248892604       3248218412102       3248218422103       
 3290257602316       3257224872607       0                   
 3290257602311       3257224872607       0                   
 3290257602015       3257224872607       3257224842203       
 3290257592010       3257224842317       3257224872908       
 3290257572718       3257221702218       3257215212571       
 3290257572710       3257221702218       3257215212571       
 3386256732304       3356217632527       3356214402234       
 3290257512016       3257215302247       3257224872213       
 3290254412626       3254224872604       3254224842202       
 3290254392635       3254221702205       3254224842302       
 3290251212954       3251221702703       0                   
 3290242082507       3242212802401       3242209532908       
 3290242082506       3242212802401       3242209532908       
 3287257602802       3257224872607       3257221642324       
 3287257602105       3257224872607       3257215302454       
 3287257602101       3257224872607       3257215302454       
 3287257602002       3257224872607       3257224842203       
 3287257572704       3257221702218       3257215212571       
 3287257572602       3257221702218       0                   
 3287257572105       3257221702218       0                   
 3287257512005       3257215302247       3257224872213       
 3287254412610       3254224872604       3254224842202       
 3389256712210       3356214402237       3356217632131       
 3287254392922       3254221702205       3254224872801       
 3287254392211       3254221702205       3254215282145       
 3287254332221       3254218412145       0                   
 3287254332008       3254218412145       3254221692513       
 3392256712232       3356214402237       3356217632131       
 3392256732320       3356217632527       3356214402234       
 3287251102126       3251212772759       3251215302022       
 3287248862753       3248215282113       3248209532934       
 3287248862746       3248215282113       3248209532934       
 3287248862740       3248215282113       3248209532934       
 3287248862739       3248215282113       3248209532934       
 3287248862136       3248215282113       0                   
 3395244422231       3344205502010       3344205542232       
 3281233072307       0                   0                   
 3395259272135       3359226392218       3359217632340       
 3395262432125       3362226352322       3362232772407       
 3284254412204       3254224872604       0                   
 3284254412202       3254224872604       0                   
 3284248862718       3248215282113       3248209532934       
 3284248852128       3248215222913       3248215302408       
 3284248852126       3248215222913       3248215302408       
 3281245642030       0                   0                   
 3398259252145       3359226312709       3359217632343       
 3398262402534       3362217632547       0                   
 3398265632110       3365226352329       3365232702214       
 3281248892318       3248218412102       3248215212411       
 3281248862111       3248215282113       0                   
 3281248852312       3248215222913       0                   
 3281248852110       3248215222913       3248215302408       
 3284248852123       3248215222913       3248215302408       
 3281248812105       3248212772740       3248215302812       
 3401262402557       3362217632547       3362229602106       
 3401265612632       3365223102555       3365229522030       
 3401265642109       3365226392445       3365232702212       
 3401265662526       3365232702204       3365229602539       
 3401271102511       3371229612858       3371229602241       
 3404262402162       3362217632547       3362226392132       
 3404268812438       3368226342443       3368238402202       
 3404268832440       3368226392451       3368238402205       
 3404274302201       3374229602257       3374238402226       
 3278248892604       3248218412102       3248218422103       
 3302260772220       3260224872228       3260221702234       
 3302260722743       3260218472152       3260227152220       
 3302254022702       3254224872604       3254221702710       
 3302254012705       3254218412145       3254221702708       
 3302254012701       3254218412145       3254221702708       
 3302251082515       3251221702703       3251215302022       
 3302251082310       3251221702703       3251215222926       
 3302248062332       3248215222913       3248215212420       
 3299266502612       3266215092915       3266224872655       
 3299266432817       3266224802235       3266227152244       
 3299266422709       3266218012902       3266230352302       
 3299266412513       3266215092209       3266227192045       
 3299263292221       3263230402007       3263224842346       
 3299260802345       3260227152215       3260221702152       
 3299260722733       3260218472152       3260227152220       
 3299260722731       3260218472152       3260227152220       
 3299260722728       3260218472152       3260227152220       
 3299260702036       3260218412175       3260227192012       
 3299257602652       3257224872607       3257215212561       
 3299257602350       3257224872607       0                   
 3299257602346       3257224872607       0                   
 3299257602062       3257224872607       3257224842203       
 3299257572562       3257221702218       0                   
 3299251082211       3251221702703       0                   
 3299248062324       3248215222913       3248215212420       
 3299248052219       3248218412102       3248212792728       
 3296263312217       3263233572901       3263224842542       
 3296260802421       3260227152215       3260224802215       
 3296260802329       3260227152215       3260221702152       
 3296260752926       3260221702230       3260212042910       
 3296260722715       3260218472152       3260227152220       
 3296260722124       3260218472152       3260224872925       
 3296257602841       3257224872607       3257221642324       
 3296257602345       3257224872607       0                   
 3296257602050       3257224872607       3257224842203       
 3296257602041       3257224872607       3257224842203       
 3296257592026       3257224842317       3257224872908       
 3296257572741       3257221702218       3257215212571       
 3296254412659       3254224872604       3254224842202       
 3296254402929       3254218472131       3254224872601       
 3296254392753       3254221702205       3254215222537       
 3296254332056       3254218412145       3254221692513       
 3296248062304       3248215222913       3248215212420       
 3386238702212       3338202312724       3338202392726       
 3293263252302       3263224872636       3263215072107       
 3293260802806       3260227152215       3260212052904       
 3293260722712       3260218472152       3260227152220       
 3293257602621       3257224872607       3257215212561       
 3293257602616       3257224872607       3257215212561       
 3293257602025       3257224872607       3257224842203       
 3293257602024       3257224872607       3257224842203       
 3293257602023       3257224872607       3257224842203       
 3293257572732       3257221702218       3257215212571       
 3293254412651       3254224872604       3254224842202       
 3293254412041       3254224872604       0                   
 3293254332041       3254218412145       3254221692513       
 3293254332038       3254218412145       3254221692513       
 3293254332034       3254218412145       3254221692513       
 3386256702204       3356211202328       3356217632031       
 3293242082519       3242212802401       3242209532908       
 3293242082518       3242212802401       3242209532908       
 3293242082514       3242212802401       3242209532908       
 3293242082512       3242212802401       3242209532908       
 3290257602808       3257224872607       3257221642324       
 3290257602316       3257224872607       0                   
 3290257602311       3257224872607       0                   
 3290257602015       3257224872607       3257224842203       
 3290257592010       3257224842317       3257224872908       
 3290257572718       3257221702218       3257215212571       
 3290257572710       3257221702218       3257215212571       
 3386256732304       3356217632527       3356214402234       
 3290257512016       3257215302247       3257224872213       
 3290254412626       3254224872604       3254224842202       
 3290254392635       3254221702205       3254224842302       
 3290251212954       3251221702703       0                   
 3290242082507       3242212802401       3242209532908       
 3290242082506       3242212802401       3242209532908       
 3287257602802       3257224872607       3257221642324       
 3287257602105       3257224872607       3257215302454       
 3287257602101       3257224872607       3257215302454       
 3287257602002       3257224872607       3257224842203       
 3287257572704       3257221702218       3257215212571       
 3287257572602       3257221702218       0                   
 3287257572105       3257221702218       0                   
 3287257512005       3257215302247       3257224872213       
 3287254412610       3254224872604       3254224842202       
 3389256712210       3356214402237       3356217632131       
 3287254392922       3254221702205       3254224872801       
 3287254392211       3254221702205       3254215282145       
 3287254332221       3254218412145       0                   
 3287254332008       3254218412145       3254221692513       
 3392256712232       3356214402237       3356217632131       
 3392256732320       3356217632527       3356214402234       
 3287251102126       3251212772759       3251215302022       
 3287248862753       3248215282113       3248209532934       
 3287248862746       3248215282113       3248209532934       
 3287248862740       3248215282113       3248209532934       
 3287248862739       3248215282113       3248209532934       
 3287248862136       3248215282113       0                   
 3395244422231       3344205502010       3344205542232       
 3395256772447       3356223102804       3356223132410       
 3395259272135       3359226392218       3359217632340       
 3395262432125       3362226352322       3362232772407       
 3284254412204       3254224872604       0                   
 3284254412202       3254224872604       0                   
 3284248862718       3248215282113       3248209532934       
 3284248852128       3248215222913       3248215302408       
 3284248852126       3248215222913       3248215302408       
 3284248852123       3248215222913       3248215302408       
 3398259252145       3359226312709       3359217632343       
 3398262402534       3362217632547       0                   
 3398265632110       3365226352329       3365232702214       
 3281248892318       3248218412102       3248215212411       
 3281248862111       3248215282113       0                   
 3281248852312       3248215222913       0                   
 3281248852110       3248215222913       3248215302408       
 3281248812106       3248212772740       3248215302812       
 3281248812105       3248212772740       3248215302812       
 3401262402557       3362217632547       3362229602106       
 3401265612632       3365223102555       3365229522030       
 3401265642109       3365226392445       3365232702212       
 3401265662526       3365232702204       3365229602539       
 3401271102511       3371229612858       3371229602241       
 3404262402162       3362217632547       3362226392132       
 3404268812438       3368226342443       3368238402202       
 3404268832440       3368226392451       3368238402205       
 3404274302201       3374229602257       3374238402226       
 3278248892604       3248218412102       3248218422103       
 3323284772616       3284248852126       3284245642054       
 3323284722235       3284245642050       3284248852128       
 3371229602241       3329296872920       3329293652428       
 3323272032411       3272224072005       3272233572443       
 3323269082224       3269236782511       3269218032622       
 3320290452006       3290254412626       3290257602316       
 3320290442802       3290254392635       3290242082507       
 3320287312316       3287257602002       3287254332008       
 3320287312315       3287257602002       3287254332008       
 3320287282924       3287254412610       3287251102126       
 3320287282916       3287254412610       3287251102126       
 3320287282707       3287254412610       3287251122424       
 3320284812628       3284254412202       3284245642039       
 3320281582447       3281248892318       3281248812105       
 3320281562249       3281248852110       3281233072405       
 3320281562240       3281248852110       3281233072405       
 3320278372732       3275233572457       3278245652217       
 3320272012508       3272242492002       3272233572445       
 3320266062931       3266218012902       0                   
 3320266062928       3266218012902       3266233572416       
 3320266052720       3266233572410       3266230352312       
 3317287242501       3287254332221       3287257602802       
 3317287222905       3287248862740       3287233072433       
 3317284782107       3284248862718       3284248852123       
 3317284722208       3284245642050       3284248852128       
 3317281582711       3281248892318       3281245622235       
 3317281562229       3281248852110       3281233072405       
 3317281562224       3281248852110       3281233072405       
 3317281562223       3281248852110       3281233072405       
 3374229602260       3329296872920       3329293652428       
 3374232702254       3332202312706       3332293652443       
 3317278382637       3278245642015       3278248892604       
 3317278382427       3278245642015       0                   
 3317275132755       3275236702337       0                   
 3317269082905       3269236782511       3269239282301       
 3317266062916       3266218012902       3266233572416       
 3317266052511       3266233572410       3266227152252       
 3317266052111       3266233572410       3266215092916       
 3314284782104       3284248862718       3284248852123       
 3314284782101       3284248862718       3284248852123       
 3314281562209       3281248852110       3281233072405       
 3374238512834       3338299172838       3338202342223       
 3374241622410       3341202332736       3341205502302       
 3374241642710       3341202392736       3341211212306       
 3314278382517       3278245642015       0                   
 3314278382213       3278245642015       3278239262744       
 3314275152728       3275239282325       3275236782934       
 3314275132848       3275236702337       3275224092507       
 3314272862424       3272242502202       3272236782924       
 3314272832371       3272224072005       3272236782313       
 3314266062908       3266218012902       3266233572416       
 3314266062807       3266218012902       3266233572411       
 3314266062803       3266218012902       3266233572411       
 3314266062604       3266218012902       3266230352303       
 3314266052702       3266233572410       3266230352312       
 3314266052701       3266233572410       3266230352312       
 3314260072222       3260227152215       3260221702229       
 3314260072219       3260227152215       3260221702229       
 3311281582301       3281248892318       3281227012730       
 3311278302216       3278224072528       3278227012609       
 3311275132728       3275236702337       0                   
 3311275132620       3275236702337       3275245632001       
 3311272912421       3272242492002       3272224092205       
 3311272862406       3272242502202       3272236782924       
 3311272832357       3272224072005       3272236782313       
 3311272832147       3272224072005       3272233572445       
 3311269692530       3269236782511       3269215072921       
 3311269692528       3269236782511       3269215072921       
 3311269622856       3269221052403       3269215092925       
 3311260092410       3260218472152       0                   
 3311260072708       3260227152215       3260227112010       
 3311260072615       3260227152215       3260224872925       
 3311260072514       3260227152215       3260224872237       
 3311260072512       3260227152215       3260224872237       
 3311260072209       3260227152215       3260221702229       
 3311257042710       3257224872607       3257215212561       
 3311257042117       3257224872607       3257224842308       
 3308278412201       3278248892602       3278227012129       
 3308278302206       3278224072528       3278227012609       
 3308275112505       3275224072519       3275221052017       
 3287257572105       3257221702218       0                   
 3308275112008       3275224072519       3275242502011       
 3308275102508       3275221052431       3275245662003       
 3308272832130       3272224072005       3272233572445       
 3299257572562       3257221702218       0                   
 3308272812114       3272221052425       3272233572935       
 3308266472023       3266218032605       3266233572416       
 3308260092708       3260218472152       3260227152220       
 3308260092502       3260218472152       3260224872922       
 3308257042815       3257224872607       3257215222959       
 3308257042812       3257224872607       3257215222959       
 3308257042101       3257224872607       3257224842308       
 3308257042010       3257224872607       3257224842203       
 3308254022730       3254224872604       3254221702710       
 3305275112002       3275224072519       3275242502011       
 3305275102603       3275221052431       0                   
 3305272832110       3272224072005       3272233572445       
 3305269692505       3269236782511       3269215072921       
 3305269692101       3269236782511       3269233572323       
 3305269652310       3269227152266       3269221052603       
 3305269622824       3269221052403       3269215092925       
 3305269622032       3269221052403       3269236702314       
 3305266492532       3266233572407       3266224872649       
 3305266492529       3266233572407       3266224872649       
 3305266472017       3266218032605       3266233572416       
 3305266402734       3266215072914       3266230352303       
 3305257042803       3257224872607       3257215222959       
 3305257042506       3257224872607       3257221702211       
 3305257042502       3257224872607       3257221702211       
 3305257042002       3257224872607       3257224842203       
 3305254022712       3254224872604       3254221702710       
 3305254022111       3254224872604       3254218412134       
 3302272832302       3272224072005       3272236782313       
 3302272832101       3272224072005       3272233572445       
 3302266492524       3266233572407       0                   
 3302266472014       3266218032605       3266233572416       
 3302266472008       3266218032605       3266233572416       
 3302266472007       3266218032605       3266233572416       
 3302266472002       3266218032605       3266233572416       
 3302266432830       3266224802235       3266227152244       
 3302266432820       3266224802235       3266227152244       
 3302266432029       3266224802235       3266233572408       
 3302260812142       3260227192216       3260224842623       
 3302260812136       3260227192216       3260224842623       
 3302260812135       3260227192216       3260224842623       
 3302260802446       3260227152215       3260224802215       
 3302260802347       3260227152215       3260221702152       
 3302260802156       3260227152215       3260224872232       
 3302260772220       3260224872228       3260221702234       
 3302260722743       3260218472152       3260227152220       
 3302254022702       3254224872604       3254221702710       
 3302254012705       3254218412145       3254221702708       
 3302254012701       3254218412145       3254221702708       
 3302251082515       3251221702703       3251215302022       
 3302251082310       3251221702703       3251215222926       
 3302248062332       3248215222913       3248215212420       
 3299266502612       3266215092915       3266224872655       
 3299266432817       3266224802235       3266227152244       
 3299266422709       3266218012902       3266230352302       
 3299266412513       3266215092209       3266227192045       
 3299263292221       3263230402007       3263224842346       
 3299260802345       3260227152215       3260221702152       
 3299260722733       3260218472152       3260227152220       
 3299260722731       3260218472152       3260227152220       
 3299260722728       3260218472152       3260227152220       
 3299260702036       3260218412175       3260227192012       
 3299257602652       3257224872607       3257215212561       
 3299257602350       3257224872607       0                   
 3299257602346       3257224872607       0                   
 3299257602062       3257224872607       3257224842203       
 3299257572562       3257221702218       0                   
 3299251082211       3251221702703       0                   
 3299248062324       3248215222913       3248215212420       
 3299248052219       3248218412102       3248212792728       
 3296263312217       3263233572901       3263224842542       
 3296260802421       3260227152215       3260224802215       
 3317281562229       3281248852110       3281233072405       
 3296260752926       3260221702230       3260212042910       
 3296260722715       3260218472152       3260227152220       
 3296260722124       3260218472152       3260224872925       
 3296257602841       3257224872607       3257221642324       
 3296257602345       3257224872607       0                   
 3296257602050       3257224872607       3257224842203       
 3296257602041       3257224872607       3257224842203       
 3296257592026       3257224842317       3257224872908       
 3296257572741       3257221702218       3257215212571       
 3296254412659       3254224872604       3254224842202       
 3296254402929       3254218472131       3254224872601       
 3296254392753       3254221702205       3254215222537       
 3296254332056       3254218412145       3254221692513       
 3296248062304       3248215222913       3248215212420       
 3386238702212       3338202312724       3338202392726       
 3293263252302       3263224872636       3263215072107       
 3293260802806       3260227152215       3260212052904       
 3293260722712       3260218472152       3260227152220       
 3293257602621       3257224872607       3257215212561       
 3293257602616       3257224872607       3257215212561       
 3293257602025       3257224872607       3257224842203       
 3293257602024       3257224872607       3257224842203       
 3293257602023       3257224872607       3257224842203       
 3293257572732       3257221702218       3257215212571       
 3293254412651       3254224872604       3254224842202       
 3293254412041       3254224872604       0                   
 3293254332041       3254218412145       3254221692513       
 3293254332038       3254218412145       3254221692513       
 3293254332034       3254218412145       3254221692513       
 3386256702204       3356211202328       3356217632031       
 3293242082519       3242212802401       3242209532908       
 3293242082518       3242212802401       3242209532908       
 3293242082514       3242212802401       3242209532908       
 3293242082512       3242212802401       3242209532908       
 3290257602808       3257224872607       3257221642324       
 3290257602316       3257224872607       0                   
 3290257602311       3257224872607       0                   
 3290257602015       3257224872607       3257224842203       
 3290257592010       3257224842317       3257224872908       
 3290257572718       3257221702218       3257215212571       
 3290257572710       3257221702218       3257215212571       
 3386256732304       3356217632527       3356214402234       
 3290257512016       3257215302247       3257224872213       
 3290254412626       3254224872604       3254224842202       
 3290254392635       3254221702205       3254224842302       
 3290251212954       3251221702703       0                   
 3290242082507       3242212802401       3242209532908       
 3290242082506       3242212802401       3242209532908       
 3287257602802       3257224872607       3257221642324       
 3287257602105       3257224872607       3257215302454       
 3287257602101       3257224872607       3257215302454       
 3287257602002       3257224872607       3257224842203       
 3287257572704       3257221702218       3257215212571       
 3287257572602       3257221702218       0                   
 3287257572105       3257221702218       0                   
 3287257512005       3257215302247       3257224872213       
 3287254412610       3254224872604       3254224842202       
 3389256712210       3356214402237       3356217632131       
 3287254392922       3254221702205       3254224872801       
 3287254392211       3254221702205       3254215282145       
 3287254332221       3254218412145       0                   
 3287254332008       3254218412145       3254221692513       
 3392256712232       3356214402237       3356217632131       
 3392256732320       3356217632527       3356214402234       
 3287251102126       3251212772759       3251215302022       
 3287248862753       3248215282113       3248209532934       
 3287248862746       3248215282113       3248209532934       
 3287248862740       3248215282113       3248209532934       
 3287248862739       3248215282113       3248209532934       
 3287248862136       3248215282113       0                   
 3395244422231       3344205502010       3344205542232       
 3344208712317       3308254022730       3308257042815       
 3395259272135       3359226392218       3359217632340       
 3395262432125       3362226352322       3362232772407       
 3284254412204       3254224872604       0                   
 3284254412202       3254224872604       0                   
 3284248862718       3248215282113       3248209532934       
 3284248852128       3248215222913       3248215302408       
 3284248852126       3248215222913       3248215302408       
 3284248852123       3248215222913       3248215302408       
 3398259252145       3359226312709       3359217632343       
 3398262402534       3362217632547       0                   
 3398265632110       3365226352329       3365232702214       
 3344208732333       3308272832130       3308257042812       
 3281248862111       3248215282113       0                   
 3281248852312       3248215222913       0                   
 3281248852110       3248215222913       3248215302408       
 3281248812106       3248212772740       3248215302812       
 3281248812105       3248212772740       3248215302812       
 3401262402557       3362217632547       3362229602106       
 3401265612632       3365223102555       3365229522030       
 3401265642109       3365226392445       3365232702212       
 3401265662526       3365232702204       3365229602539       
 3401271102511       3371229612858       3371229602241       
 3404262402162       3362217632547       3362226392132       
 3404268812438       3368226342443       3368238402202       
 3404268832440       3368226392451       3368238402205       
 3404274302201       3374229602257       3374238402226       
 3278248892604       3248218412102       3248218422103       
 3353211252645       3311269692530       3311272832147       
 3353211252643       3311269692530       3311272832147       
 3353211252640       3311269692530       3311272832147       
 3353211252343       3311269692530       3311260072512       
 3353211212372       3311260072514       3311257042710       
 3353211212366       3311260072514       3311257042710       
 3353211202742       3311272912421       3311272862406       
 3353208772240       3308275112008       3308260092502       
 3344299172947       3299266412513       3299263292221       
 3344296092405       3296260722715       3296257572741       
 3344214422403       3314266052702       3314278382213       
 3344211302707       3311281582301       3311272832357       
 3344211282414       3311278302216       3311260072708       
 3344211272415       3311275132620       3311260072615       
 3344211272005       3311275132620       3311269692528       
 3344211252815       3311269692530       3311269622856       
 3344211252809       3311269692530       3311269622856       
 3344211252613       3311269692530       3311272832147       
 3344211212815       3311260072514       3311275132728       
 3344211212319       3311260072514       3311257042710       
 3344211212316       3311260072514       3311257042710       
 3344211212314       3311260072514       3311257042710       
 3344211212309       3311260072514       3311257042710       
 3344208812521       3308278412201       3308275112010       
 3344208812422       3308278412201       3308272832128       
 3344208792511       3308275102508       3308275112505       
 3344208792508       3308275102508       3308275112505       
 3317281582711       3281248892318       3281245622235       
 3344208732334       3308272832130       3308257042812       
 3344208792301       0                   3308257042101       
 3299257602062       3257224872607       3257224842203       
 3317284722208       3284245642050       3284248852128       
 3344208792502       3308275102508       3308275112505       
 3344205562340       3305269652310       3305269622824       
 3344205542240       3305266472017       3305257042506       
 3344205542239       3305266472017       3305257042506       
 3344205542237       3305266472017       3305257042506       
 3344205542234       3305266472017       3305257042506       
 3344205542232       3305266472017       3305257042506       
 3344205542229       3305266472017       3305257042506       
 3281248892318       3248218412102       3248215212411       
 3344205502015       3305257042002       3305272832110       
 3281248812106       3248212772740       3248215302812       
 3344205502007       3305257042002       3305272832110       
 3344205502006       3305257042002       3305272832110       
 3344202352947       3302260812142       3302248062332       
 3344202342461       3302260802156       3302254012701       
 3344202332750       3302260722743       3302251082310       
 3344202312755       3302254012705       3302260812136       
 3344202312753       3302254012705       3302260812136       
 3344202312358       3302254012705       3302260802347       
 3344202312357       3302254012705       3302260802347       
 3344202302055       3302251082515       3302272832101       
 3341299182267       3299266432817       3299257602652       
 3341299142847       3299260722733       3299248062324       
 3341293042103       3293263252302       3293254332038       
 3341290012711       3290257602808       3290257572710       
 3341211302702       3311281582301       3311272832357       
 3341211252602       3311269692530       3311272832147       
 3341211252302       3311269692530       3311260072512       
 3341211212306       3311260072514       3311257042710       
 3341211212201       3311260072514       3311260092410       
 3341208812722       3308278412201       3308272812114       
 3341208812708       3308278412201       3308272812114       
 3341208772205       3308275112008       3308260092502       
 3341208742817       3308260092708       3308266472023       
 3395256772447       3356223102804       3356223132410       
 3341208732313       3308272832130       3308257042812       
 3341208712408       3308254022730       3308278302206       
 3341205522837       3305266402734       3305254022712       
 3284248852123       3248215222913       3248215302408       
 3341205502503       3305257042002       3305266492532       
 3341205502302       3305257042002       3305269622032       
 3341202392736       3302266472008       3302260772220       
 3281248812106       3248212772740       3248215302812       
 3341202392732       3302266472008       3302260772220       
 3341202342236       3302260802156       3302266472014       
 3341202332736       3302260722743       3302251082310       
 3341202332029       3302260722743       3302272832302       
 3341202312743       3302254012705       3302260812136       
 3341202312740       3302254012705       3302260812136       
 3341202312738       3302254012705       3302260812136       
 3341202312735       3302254012705       3302260812136       
 3341202312349       3302254012705       3302260802347       
 3341202312344       3302254012705       3302260802347       
 3341202302535       3302251082515       3302266432029       
 3338299182241       3299266432817       3299257602652       
 3338299172838       3299266412513       3299266422709       
 3338299172131       3299266412513       0                   
 3338299122736       3299257572562       0                   
 3338296862760       3296257602041       3296254332056       
 3338296862754       3296257602041       3296254332056       
 3338296832554       3296254402929       3296260802329       
 3338287092209       3287257512005       3287251102126       
 3338287072218       3287257602105       3287248862753       
 3338287072216       3287257602105       3287248862753       
 3338287072214       3287257602105       3287248862753       
 3338208812305       3308278412201       3308257042010       
 3338205562708       3305269652310       0                   
 3338205562315       3305269652310       3305269622824       
 3338205542814       3305266472017       3305275102603       
 3338205522806       3305266402734       3305254022712       
 3338205502810       3305257042803       3305254022111       
 3338205502809       3305257042803       3305254022111       
 3338202392727       3302266472008       3302260772220       
 3338202392726       3302266472008       3302260772220       
 3338202392321       3302266472008       3302260802446       
 3338202392320       3302266472008       3302260802446       
 3338202392315       3302266472008       3302260802446       
 3338202392314       3302266472008       3302260802446       
 3338202342505       3302260802156       0                   
 3338202342424       3302260802156       3302254012701       
 3338202342223       3302260802156       3302266472014       
 3338202332121       3302260722743       0                   
 3338202322220       3302254022702       3302266472007       
 3338202322218       3302254022702       3302266472007       
 3338202312733       3302254012705       3302260812136       
 3338202312730       3302254012705       3302260812136       
 3338202312725       3302254012705       3302260812136       
 3338202312724       3302254012705       3302260812136       
 3338202312720       3302254012705       3302260812136       
 3338202312512       3302254012705       3302266432820       
 3338202312125       3302254012705       3302266472002       
 3338202302526       3302251082515       3302266432029       
 3335299142112       3299260722733       0                   
 3335296872952       3296260722715       3296257592026       
 3335296862746       3296257602041       3296254332056       
 3335296862738       3296257602041       3296254332056       
 3335296842337       3296254412659       3296260752926       
 3335296802132       3296248062304       3296257602841       
 3335293712815       3293263272105       3293242082518       
 3335293702045       3293263252302       3293257602621       
 3335293652468       3293254412651       3293254332041       
 3335293602055       3293242082519       3293257602024       
 3335293602053       3293242082519       3293257602024       
 3335293602050       3293242082519       3293257602024       
 3335293602046       3293242082519       3293257602024       
 3335287092102       3287257512005       3287248862746       
 3335287082905       3287254412610       3287257602802       
 3335287072207       3287257602105       3287248862753       
 3335205522203       3305266402734       3305257042502       
 3335202392717       3302266472008       3302260772220       
 3335202392711       3302266472008       3302260772220       
 3335202392309       3302266472008       3302260802446       
 3335202342109       3302260802156       0                   
 3335202332718       3302260722743       3302251082310       
 3335202332716       3302260722743       3302251082310       
 3335202332406       3302260722743       0                   
 3335202312716       3302254012705       3302260812136       
 3335202312713       3302254012705       3302260812136       
 3335202312708       3302254012705       3302260812136       
 3335202312707       3302254012705       3302260812136       
 3335202312316       3302254012705       3302260802347       
 3335202312309       3302254012705       3302260802347       
 3335202302703       3302251082515       3302260812135       
 3335202302011       3302251082515       3302272832101       
 3332299172412       3299266412513       3299260802345       
 3332299142008       3299260722733       0                   
 3332299122108       3299257572562       3299260722728       
 3332296902124       3296263312217       3296257602050       
 3332296872931       3296260722715       3296257592026       
 3332296872929       3296260722715       3296257592026       
 3332296872927       3296260722715       3296257592026       
 3332296862734       3296257602041       3296254332056       
 3332296862115       3296257602041       0                   
 3332296842922       3296254412659       0                   
 3332296842326       3296254412659       3296260752926       
 3332293712813       3293263272105       3293242082518       
 3332293672541       3293257602023       3293260802806       
 3332293672421       3293257602023       3293254332034       
 3332293672255       3293257602023       3293254412041       
 3332293662440       3293257572732       3293254332038       
 3332293652456       3293254412651       3293254332041       
 3332293652450       3293254412651       3293254332041       
 3332293652449       3293254412651       3293254332041       
 3332293652443       3293254412651       3293254332041       
 3332293612016       3293245012202       3293257602025       
 3332293602035       3293242082519       3293257602024       
 3332293602026       3293242082519       3293257602024       
 3332290492555       3290257602015       3290257572718       
 3332290492549       3290257602015       3290257572718       
 3332290422049       3290257542016       3290257602311       
 3332281022113       3281248852110       3281227012835       
 3365229602115       3329296872920       3329293662429       
 3308275112010       3275224072519       3275242502011       
 3365229602222       3329296872920       3329293652428       
 3308272832128       3272224072005       3272233572445       
 3332202312706       3302254012705       3302260812136       
 3332202312503       3302254012705       3302266432820       
 3329299172804       3299266412513       3299266422709       
 3329299142603       3299260722733       0                   
 3329299122503       3299257572562       3299266502612       
 3329299122203       3299257572562       3299257602350       
 3329299122202       3299257572562       3299257602350       
 3365232702210       3332202312706       3332293652443       
 3329299102202       0                   0                   
 3329296872920       3296260722715       3296257592026       
 3329296872913       3296260722715       3296257592026       
 3329296872119       3296260722715       3296260802421       
 3329296872114       3296260722715       3296260802421       
 3329296862909       3296257602041       0                   
 3329296862711       3296257602041       3296254332056       
 3329296862708       3296257602041       3296254332056       
 3329296842116       3296254412659       3296257602345       
 3329293702027       3293263252302       3293257602621       
 3329293682023       3293260722712       3293257602616       
 3329293682018       3293260722712       3293257602616       
 3329293672231       3293257602023       3293254412041       
 3329293672230       3293257602023       3293254412041       
 3329293662429       3293257572732       3293254332038       
 3329293652725       3293254412651       3293242082514       
 3329293652437       3293254412651       3293254332041       
 3329293652435       3293254412651       3293254332041       
 3329293652428       3293254412651       3293254332041       
 3329293652423       3293254412651       3293254332041       
 3329290482646       3290257592010       3290257512016       
 3329290432815       3287233072432       3290242082506       
 3329287292561       3287257512005       3287248862753       
 3365232782910       3332296862734       3332293712813       
 3329287232534       0                   0                   
 3329281022703       3281248852110       0                   
 3365235232503       3335202392717       3335293602055       
 3296260802329       3260227152215       3260221702152       
 3326296872907       3296260722715       3296257592026       
 3326296822005       3296254392753       3296260722124       
 3326293682014       3293260722712       3293257602616       
 3326293672218       3293257602023       3293254412041       
 3326293672211       3293257602023       3293254412041       
 3326293662711       3293257572732       3293242082512       
 3326293662415       3293257572732       3293254332038       
 3326293652713       3293254412651       3293242082514       
 3326293652412       3293254412651       3293254332041       
 3326293652405       3293254412651       3293254332041       
 3326293602009       3293242082519       3293257602024       
 3326293602006       3293242082519       3293257602024       
 3326290492828       3290257602015       3290251212954       
 3326290452028       3290254412626       3290257602316       
 3326290422029       3290257542016       3290257602311       
 3326287282950       3287254412610       3287251102126       
 3326287282442       3287254412610       3287248862136       
 3326287222941       3287248862740       3287233072433       
 3326287202539       3287233072329       3287257602101       
 3323293672203       3293257602023       3293254412041       
 3323293662401       3293257572732       3293254332038       
 3323293652702       3293254412651       3293242082514       
 3323293612002       3293245012202       3293257602025       
 3323290492519       3290257602015       3290257572718       
 3323290422011       3290257542016       3290257602311       
 3323290422009       3290257542016       3290257602311       
 3323287302110       3287257572704       3287254392211       
 3323287292523       3287257512005       3287248862753       
 3323287282926       3287254412610       3287251102126       
 3323287242618       3287254332221       0                   
 3323287242532       3287254332221       3287257602802       
 3323287242426       3287254332221       3287248862739       
 3323287222922       3287248862740       3287233072433       
 3323287222625       3287248862740       3287257572602       
 3371226342446       0                   3326293652713       
 3395256772447       3356223102804       3356223132410       
 3323287202626       3287233072329       3287257572105       
 3323287202535       3287233072329       3287257602101       
 3323284772616       3284248852126       3284245642054       
 3323284722235       3284245642050       3284248852128       
 3371229602241       3329296872920       3329293652428       
 3281248892318       3248218412102       3248215212411       
 3323272032411       3272224072005       3272233572443       
 3323269082224       3269236782511       3269218032622       
 3320290452006       3290254412626       3290257602316       
 3320290442802       3290254392635       3290242082507       
 3320287312316       3287257602002       3287254332008       
 3320287312315       3287257602002       3287254332008       
 3320287282924       3287254412610       3287251102126       
 3320287282916       3287254412610       3287251102126       
 3320287282707       3287254412610       3287251122424       
 3320284812628       3284254412202       3284245642039       
 3320281582447       3281248892318       3281248812105       
 3320281562249       3281248852110       3281233072405       
 3320281562240       3281248852110       3281233072405       
 3320278372732       3275233572457       3278245652217       
 3320272012508       3272242492002       3272233572445       
 3320266062931       3266218012902       0                   
 3320266062928       3266218012902       3266233572416       
 3320266052720       3266233572410       3266230352312       
 3344208792507       3308275102508       3308275112505       
 3317284782107       3284248862718       3284248852123       
 3287257572602       3257221702218       0                   
 3299257602346       3257224872607       0                   
 3317287222905       3287248862740       3287233072433       
 3317287242501       3287254332221       3287257602802       
 3317281562224       3281248852110       3281233072405       
 3317281562223       3281248852110       3281233072405       
 3374229602260       3329296872920       3329293652428       
 3344205502410       3305257042002       3305269692101       
 3344205502010       3305257042002       3305272832110       
 3317278382637       3278245642015       3278248892604       
 3317278382427       3278245642015       0                   
 3317275132755       3275236702337       0                   
 3317269082905       3269236782511       3269239282301       
 3317266062916       3266218012902       3266233572416       
 3317266052511       3266233572410       3266227152252       
 3317266052111       3266233572410       3266215092916       
 3314284782104       3284248862718       3284248852123       
 3314284782101       3284248862718       3284248852123       
 3314281562209       3281248852110       3281233072405       
 3374238512834       3338299172838       3338202342223       
 3341208742807       3308260092708       3308266472023       
 3374241622410       3341202332736       3341205502302       
 3341205502813       3305257042002       3305254022111       
 3374241642710       3341202392736       3341211212306       
 3341202392733       3302266472008       3302260772220       
 3314278382517       3278245642015       0                   
 3314278382213       3278245642015       3278239262744       
 3314275152728       3275239282325       3275236782934       
 3314275132848       3275236702337       3275224092507       
 3314272862424       3272242502202       3272236782924       
 3314272832371       3272224072005       3272236782313       
 3314266062908       3266218012902       3266233572416       
 3314266062807       3266218012902       3266233572411       
 3314266062803       3266218012902       3266233572411       
 3314266062604       3266218012902       3266230352303       
 3314266052702       3266233572410       3266230352312       
 3314266052701       3266233572410       3266230352312       
 3314260072222       3260227152215       3260221702229       
 3314260072219       3260227152215       3260221702229       
 3311281582301       3281248892318       3281227012730       
 3311278302216       3278224072528       3278227012609       
 3311275132728       3275236702337       0                   
 3311275132620       3275236702337       3275245632001       
 3311272912421       3272242492002       3272224092205       
 3311272862406       3272242502202       3272236782924       
 3311272832357       3272224072005       3272236782313       
 3311272832147       3272224072005       3272233572445       
 3311269692530       3269236782511       3269215072921       
 3311269692528       3269236782511       3269215072921       
 3311269622856       3269221052403       3269215092925       
 3311260092410       3260218472152       0                   
 3311260072708       3260227152215       3260227112010       
 3311260072615       3260227152215       3260224872925       
 3311260072514       3260227152215       3260224872237       
 3311260072512       3260227152215       3260224872237       
 3311260072209       3260227152215       3260221702229       
 3311257042710       3257224872607       3257215212561       
 3311257042117       3257224872607       3257224842308       
 3308278412201       3278248892602       3278227012129       
 3308278302206       3278224072528       3278227012609       
 3308275112505       3275224072519       3275221052017       
 3308275112010       3275224072519       3275242502011       
 3308275112008       3275224072519       3275242502011       
 3308275102508       3275221052431       3275245662003       
 3308272832130       3272224072005       3272233572445       
 3308272832128       3272224072005       3272233572445       
 3308272812114       3272221052425       3272233572935       
 3308266472023       3266218032605       3266233572416       
 3308260092708       3260218472152       3260227152220       
 3308260092502       3260218472152       3260224872922       
 3308257042815       3257224872607       3257215222959       
 3308257042812       3257224872607       3257215222959       
 3308257042101       3257224872607       3257224842308       
 3308257042010       3257224872607       3257224842203       
 3308254022730       3254224872604       3254221702710       
 3305275112002       3275224072519       3275242502011       
 3305275102603       3275221052431       0                   
 3305272832110       3272224072005       3272233572445       
 3305269692505       3269236782511       3269215072921       
 3305269692101       3269236782511       3269233572323       
 3305269652310       3269227152266       3269221052603       
 3305269622824       3269221052403       3269215092925       
 3305269622032       3269221052403       3269236702314       
 3305266492532       3266233572407       3266224872649       
 3305266492529       3266233572407       3266224872649       
 3305266472017       3266218032605       3266233572416       
 3305266402734       3266215072914       3266230352303       
 3305257042803       3257224872607       3257215222959       
 3305257042506       3257224872607       3257221702211       
 3305257042502       3257224872607       3257221702211       
 3305257042002       3257224872607       3257224842203       
 3305254022712       3254224872604       3254221702710       
 3305254022111       3254224872604       3254218412134       
 3302272832302       3272224072005       3272236782313       
 3302272832101       3272224072005       3272233572445       
 3302266492524       3266233572407       0                   
 3302266472014       3266218032605       3266233572416       
 3302266472008       3266218032605       3266233572416       
 3302266472007       3266218032605       3266233572416       
 3302266472002       3266218032605       3266233572416       
 3302266432830       3266224802235       3266227152244       
 3302266432820       3266224802235       3266227152244       
 3302266432029       3266224802235       3266233572408       
 3302260812142       3260227192216       3260224842623       
 3302260812136       3260227192216       3260224842623       
 3302260812135       3260227192216       3260224842623       
 3302260802446       3260227152215       3260224802215       
 3302260802347       3260227152215       3260221702152       
 3302260802156       3260227152215       3260224872232       
 3302260772220       3260224872228       3260221702234       
 3302260722743       3260218472152       3260227152220       
 3302254022702       3254224872604       3254221702710       
 3302254012705       3254218412145       3254221702708       
 3302254012701       3254218412145       3254221702708       
 3302251082515       3251221702703       3251215302022       
 3302251082310       3251221702703       3251215222926       
 3302248062332       3248215222913       3248215212420       
 3299266502612       3266215092915       3266224872655       
 3299266432817       3266224802235       3266227152244       
 3299266422709       3266218012902       3266230352302       
 3299266412513       3266215092209       3266227192045       
 3299263292221       3263230402007       3263224842346       
 3299260802345       3260227152215       3260221702152       
 3299260722733       3260218472152       3260227152220       
 3299260722731       3260218472152       3260227152220       
 3299260722728       3260218472152       3260227152220       
 3299257602350       3257224872607       0                   
 3284248852126       3248215222913       3248215302408       
 3287257572704       3257221702218       3257215212571       
 3299257602652       3257224872607       3257215212561       
 3299260702036       3260218412175       3260227192012       
 3287257602002       3257224872607       3257224842203       
 3299251082211       3251221702703       0                   
 3299248062324       3248215222913       3248215212420       
 3299248052219       3248218412102       3248212792728       
 3296263312217       3263233572901       3263224842542       
 3296260802421       3260227152215       3260224802215       
 3296260802329       3260227152215       3260221702152       
 3296260752926       3260221702230       3260212042910       
 3296260722715       3260218472152       3260227152220       
 3296260722124       3260218472152       3260224872925       
 3296257602841       3257224872607       3257221642324       
 3296257602345       3257224872607       0                   
 3296257602050       3257224872607       3257224842203       
 3296257602041       3257224872607       3257224842203       
 3296257592026       3257224842317       3257224872908       
 3296257572741       3257221702218       3257215212571       
 3296254412659       3254224872604       3254224842202       
 3296254402929       3254218472131       3254224872601       
 3296254392753       3254221702205       3254215222537       
 3296254332056       3254218412145       3254221692513       
 3296248062304       3248215222913       3248215212420       
 3386238702212       3338202312724       3338202392726       
 3293263272105       0                   0                   
 3293263252302       3263224872636       3263215072107       
 3293260802806       3260227152215       3260212052904       
 3293260722712       3260218472152       3260227152220       
 3293257602621       3257224872607       3257215212561       
 3293257602616       3257224872607       3257215212561       
 3293257602025       3257224872607       3257224842203       
 3293257602024       3257224872607       3257224842203       
 3293257602023       3257224872607       3257224842203       
 3293257572732       3257221702218       3257215212571       
 3293254412651       3254224872604       3254224842202       
 3293254412041       3254224872604       0                   
 3293254332041       3254218412145       3254221692513       
 3293254332038       3254218412145       3254221692513       
 3293254332034       3254218412145       3254221692513       
 3386256702204       3356211202328       3356217632031       
 3293245012202       0                   0                   
 3293242082519       3242212802401       3242209532908       
 3293242082518       3242212802401       3242209532908       
 3293242082514       3242212802401       3242209532908       
 3293242082512       3242212802401       3242209532908       
 3290257602808       3257224872607       3257221642324       
 3290257602316       3257224872607       0                   
 3290257602311       3257224872607       0                   
 3290257602015       3257224872607       3257224842203       
 3290257592010       3257224842317       3257224872908       
 3290257572718       3257221702218       3257215212571       
 3290257572710       3257221702218       3257215212571       
 3386256732304       3356217632527       3356214402234       
 3290257542016       0                   0                   
 3290257512016       3257215302247       3257224872213       
 3290254412626       3254224872604       3254224842202       
 3290254392635       3254221702205       3254224842302       
 3290251212954       3251221702703       0                   
 3290242082507       3242212802401       3242209532908       
 3290242082506       3242212802401       3242209532908       
 3287257602802       3257224872607       3257221642324       
 3401265612632       3365223102555       3365229522030       
 3284248852128       3248215222913       3248215302408       
 3287257602101       3257224872607       3257215302454       
 3287257602105       3257224872607       3257215302454       
 3284248862718       3248215282113       3248209532934       
 3404262402162       3362217632547       3362226392132       
 3287257512005       3257215302247       3257224872213       
 3287254412610       3254224872604       3254224842202       
 3389256712210       3356214402237       3356217632131       
 3287254402008       0                   0                   
 3287254392922       3254221702205       3254224872801       
 3287254392211       3254221702205       3254215282145       
 3287254332221       3254218412145       0                   
 3287254332008       3254218412145       3254221692513       
 3392256712232       3356214402237       3356217632131       
 3287251122427       0                   0                   
 3392256732320       3356217632527       3356214402234       
 3287251122424       0                   0                   
 3287251102126       3251212772759       3251215302022       
 3287248862753       3248215282113       3248209532934       
 3287248862746       3248215282113       3248209532934       
 3287248862740       3248215282113       3248209532934       
 3287248862739       3248215282113       3248209532934       
 3287248862136       3248215282113       0                   
 3395244422231       3344205502010       3344205542232       
 3287245662052       0                   0                   
 3395256772447       3356223102804       3356223132410       
 3287233072433       0                   0                   
 3395259272135       3359226392218       3359217632340       
 3287233072432       0                   0                   
 3395262432125       3362226352322       3362232772407       
 3287233072329       0                   0                   
 3281245662037       0                   0                   
 3284254412202       3254224872604       0                   
 3284254412204       3254224872604       0                   
 3401262402557       3362217632547       3362229602106       
 3404268832440       3368226392451       3368238402205       
 3281233072405       0                   0                   
 3398259252145       3359226312709       3359217632343       
 3284245642054       0                   0                   
 3398262402534       3362217632547       0                   
 3284245642050       0                   0                   
 3398265632110       3365226352329       3365232702214       
 3284245642039       0                   0                   
 3281248892318       3248218412102       3248215212411       
 3281248862111       3248215282113       0                   
 3281248852312       3248215222913       0                   
 3281248852110       3248215222913       3248215302408       
 3281248812105       3248212772740       3248215302812       
 3281248812106       3248212772740       3248215302812       
 3401271102511       3371229612858       3371229602241       
 3404274302201       3374229602257       3374238402226       
 3281227012835       0                   0                   
 3281245622235       0                   0                   
 3401265642109       3365226392445       3365232702212       
 3281245622824       0                   0                   
 3401265662526       3365232702204       3365229602539       
 3404268812438       3368226342443       3368238402202       
 3323281512638       3281233072307       3281245642030       
 3323287202925       3287233072329       3287245662052       
 3314281502816       3281245622824       3281245662037       
 3332281012221       3281245622824       3281233072405       
 3317281512320       3281233072307       3281227012234       
 3317281502027       3281245622824       0                   
 3332281012215       3281245622824       3281233072405       
 3329281012204       3281245622824       3281233072405       
 3314281502808       3281245622824       3281245662037       
 3314281502814       3281245622824       3281245662037       
